// Copy paste each polygon and put it in the variable in the google earth code and then run it. Do it for each glacier seperatly
// Aletsch Polygon:
[
  [8.051996188918942, 46.49971674141175],
  [8.035688358108395, 46.49097186455428],
  [8.049850421707028, 46.48027520494044],
  [8.057832675735348, 46.47182276555472],
  [8.062725024978512, 46.465497354285766],
  [8.065900760452145, 46.4584616877433],
  [8.067874866287106, 46.45154338128185],
  [8.067188220779293, 46.44527475504033],
  [8.065077262661665, 46.441123528663425],
  [8.05297513558647, 46.431002979874734],
  [8.050915199063033, 46.42603357554468],
  [8.05022855355522, 46.419939520919954],
  [8.048340278408736, 46.415383326375135],
  [8.033447493120587, 46.406743262871125],
  [8.018040368700232, 46.39737618310778],
  [8.003035715789876, 46.388009803731244],
  [8.004494837493977, 46.38457589120225],
  [8.00767057296761, 46.38481271969099],
  [8.018094609722466, 46.39167424054455],
  [8.02547604893145, 46.39510770653397],
  [8.031013755936485, 46.397602115641654],
  [8.036249427933555, 46.39955545368683],
  [8.03813770308004, 46.40198223081869],
  [8.052042274613243, 46.405947707473565],
  [8.058393745560508, 46.40938027539497],
  [8.061741142411094, 46.41304933327512],
  [8.069380073685508, 46.424232518946916],
  [8.079462901390508, 46.4295710438044],
  [8.08890427712293, 46.442820921903234],
  [8.088217631615118, 46.445718903287066],
  [8.0887946275354, 46.453078194721336],
  [8.08853713546997, 46.46082405554438],
  [8.083730616915282, 46.469987582274335],
  [8.07755080734497, 46.47820388469118],
  [8.075662532198486, 46.482163817611415],
  [8.068710246431884, 46.48582797640423],
  [8.060985484468993, 46.492919195564596],
  [8.058925547945556, 46.49569633777782],
  [8.051996188918942, 46.49971674141175]
];

// Findel Polygon 
  [ 
  [7.753666679263547, 45.97736091289284],
  [7.752465049624875, 45.977629325529776],
  [7.751520912051633, 45.97795738365248],
  [7.750705520511105, 45.97867314008293],
  [7.7489030760530975, 45.97980640217593],
  [7.746542732119992, 45.98144660886178],
  [7.744525710940793, 45.98284820152748],
  [7.742680351138547, 45.984190118702415],
  [7.738875878106137, 45.98388670881146],
  [7.738232147942563, 45.982992096072635],
  [7.737288010369321, 45.981858899183855],
  [7.737288010369321, 45.98021870471198],
  [7.738532555352231, 45.978995982676096],
  [7.740506661187192, 45.97675922615227],
  [7.740678322564145, 45.97535747934542],
  [7.741107476006528, 45.974522379275406],
  [7.741922867547055, 45.97425395157846],
  [7.744040711777163, 45.97321351329478],
  [7.7443411191868305, 45.9716923698588],
  [7.755499108688784, 45.97750828100394],
  [7.753666679263547, 45.97736091289284]
];

// Pasterze Polygon
  [
  [12.72296676234391, 47.09072312543347],
  [12.715156169692543, 47.085697313186195],
  [12.718846889297035, 47.08262899701934],
  [12.722537608901527, 47.08034956203473],
  [12.727644534865883, 47.07693022669838],
  [12.734038921157387, 47.074972046971205],
  [12.746269794265297, 47.067986312222274],
  [12.747085185805824, 47.06710937707002],
  [12.749273868361977, 47.06772323319145],
  [12.75043258265641, 47.07130571619165],
  [12.747208785677081, 47.07657721038519],
  [12.744696949754024, 47.079690589174234],
  [12.74104914549377, 47.081707042347155],
  [12.737914929482685, 47.08341991092542],
  [12.732259217774402, 47.08517323005875],
  [12.729898873841297, 47.08602064695371],
  [12.728740159546863, 47.08815374014947],
  [12.72633690026952, 47.08905954840685],
  [12.72296676234391, 47.09072312543347]
  ];

// Mer de Glace Polygon
  [
  [6.934491968073502, 45.902763963206965],
  [6.951314783014908, 45.90682529831309],
  [6.948568200983658, 45.91040858254529],
  [6.946422433771744, 45.91429021275716],
  [6.942645883478775, 45.91793272648302],
  [6.938354349054947, 45.92079879869974],
  [6.934921121515885, 45.922649724992546],
  [6.929562545069157, 45.92376717514829],
  [6.928875899561344, 45.92484185656091],
  [6.929648375757633, 45.92979706263961],
  [6.930077529200016, 45.931647688721476],
  [6.928103423365055, 45.93499059866831],
  [6.927330947168766, 45.93773640967005],
  [6.928103423365055, 45.93893019813272],
  [6.924069381006657, 45.943406675963715],
  [6.92190965686545, 45.945445598372125],
  [6.919077244145724, 45.9452068707921],
  [6.917875614507052, 45.94628113680634],
  [6.915386524541232, 45.94783281762956],
  [6.912296619756075, 45.9476537797513],
  [6.916073170049044, 45.94443099905699],
  [6.918047275884005, 45.94180489107194],
  [6.918562260014864, 45.93852208115997],
  [6.918133106572482, 45.935298769601744],
  [6.918047275884005, 45.93255283789732],
  [6.917618122441622, 45.92395599877784],
  [6.918133106572482, 45.921866287991456],
  [6.920965519292208, 45.91840316539221],
  [6.9248279002736535, 45.915716111015506],
  [6.931265201909396, 45.913566373829575],
  [6.93341096912131, 45.91111796060685],
  [6.934955921513888, 45.908251388363816],
  [6.934491968073502, 45.902763963206965]
  ];

